0.0,
25.0,
25.0,
25.0,
25.0,
33.333333333333336,
33.333333333333336,
33.333333333333336,
33.333333333333336,
41.66666666666666,
41.66666666666666,
41.66666666666666,
50.0,
50.0,
50.0,
58.33333333333333,
58.33333333333333,
66.66666666666667,
66.66666666666667,
66.66666666666667,
75.0,
75.0,
75.0,
83.33333333333331,
83.33333333333331,
83.33333333333331,
83.33333333333331,
91.66666666666666,
91.66666666666666,
91.66666666666666,
91.66666666666666,
91.66666666666666,
91.66666666666666,
91.66666666666666,
100.0,
100.0,
100.0,
100.0,
100.0,
100.0,
100.0,
100.0,
100.0,
100.0,
100.0,
100.0,
91.66666666666666,
91.66666666666666,
91.66666666666666,
91.66666666666666,
91.66666666666666,
91.66666666666666,
91.66666666666666,
91.66666666666666,
91.66666666666666,
91.66666666666666,
83.33333333333331,
83.33333333333331,
83.33333333333331,
83.33333333333331,
83.33333333333331,
83.33333333333331,
75.0,
75.0,
75.0,
75.0,
75.0,
75.0,
66.66666666666667,
66.66666666666667,
66.66666666666667,
66.66666666666667,
66.66666666666667,
66.66666666666667,
66.66666666666667,
58.33333333333333,
58.33333333333333,
58.33333333333333,
58.33333333333333,
58.33333333333333,
58.33333333333333,
50.0,
50.0,
50.0,
50.0,
50.0,
50.0,
50.0,
41.66666666666666,
41.66666666666666,
41.66666666666666,
41.66666666666666,
41.66666666666666,
41.66666666666666,
41.66666666666666,
41.66666666666666,
33.333333333333336,
33.333333333333336,
33.333333333333336,
33.333333333333336,
33.333333333333336,
33.333333333333336,
33.333333333333336,
33.333333333333336,
33.333333333333336,
25.0,
25.0,
25.0,
25.0,
25.0,
25.0,
25.0,
25.0,
25.0,
25.0,
25.0,
25.0,
25.0,
16.666666666666668,
16.666666666666668,
16.666666666666668,
16.666666666666668,
16.666666666666668,
16.666666666666668,
16.666666666666668,
16.666666666666668,
16.666666666666668,
16.666666666666668,
16.666666666666668,
16.666666666666668,
16.666666666666668,
16.666666666666668,
16.666666666666668,
16.666666666666668,
16.666666666666668,
16.666666666666668,
16.666666666666668,
16.666666666666668,
8.333333333333334,
8.333333333333334,
8.333333333333334,
8.333333333333334,
8.333333333333334,
8.333333333333334,
8.333333333333334,
8.333333333333334,
8.333333333333334,
8.333333333333334,
8.333333333333334,
8.333333333333334,
8.333333333333334,
8.333333333333334,
8.333333333333334,
8.333333333333334,
8.333333333333334,
8.333333333333334,
8.333333333333334,
8.333333333333334,
8.333333333333334,
8.333333333333334,
8.333333333333334,
8.333333333333334,
8.333333333333334,
8.333333333333334,
8.333333333333334,
8.333333333333334,
8.333333333333334,
8.333333333333334,
8.333333333333334,
8.333333333333334,
8.333333333333334,
8.333333333333334,
8.333333333333334,
8.333333333333334,
8.333333333333334,
8.333333333333334,
8.333333333333334,
8.333333333333334,
8.333333333333334,
8.333333333333334,
8.333333333333334,
8.333333333333334,
8.333333333333334,
8.333333333333334,
8.333333333333334,
8.333333333333334,
8.333333333333334,
8.333333333333334,
8.333333333333334,
8.333333333333334,
8.333333333333334,
8.333333333333334,
8.333333333333334,
8.333333333333334,
8.333333333333334,
8.333333333333334,
8.333333333333334,
8.333333333333334,
8.333333333333334,
8.333333333333334,
8.333333333333334,
