9.343342486778445
7.315298315441355
8.211862878391589
13.723282141087058
15.690265780581562
13.715219448192366
23.792066065422738
23.49248973209972
27.69117385889396
37.969212420777275
32.07391876475168
35.63766712734894
41.49250250349558
42.65214906980419
46.691698675142455
45.439380454128795
50.87626185213734
51.21308170743621
52.72319303511369
58.30535097264665
65.15028253724076
60.57275986020194
68.70147792589806
63.218528504929864
77.16531759955136
77.78207639344046
79.89887160464477
74.85209563117499
84.25798463644323
83.15999135570412
88.5859980769452
85.20103552650502
86.01425431475406
95.38166490947745
97.36580189119387
99.2044597812677
98.98729731899496
97.00779760378246
104.35807411864229
100.62394841421161
107.50083825061236
100.77392202675487
101.61171141497502
112.03146597315644
113.15134833264642
110.25350488541656
117.68931809187517
112.7050198720815
112.93756567007463
127.9421551642675
120.37805806562129
129.80022711598687
125.07774800600896
121.67289880425855
120.49732745742956
137.98037924759208
133.50295741415664
139.07526451781305
131.95311021209702
135.53414644253385
131.6131343073305
145.83983786207358
147.9149426568754
143.77553536045636
147.86169517959897
142.95760447578706
145.5179683842494
149.18769288452265
158.3400783382077
151.25305256528702
158.28660028855924
155.86630025741488
154.9845003424718
151.02342414980993
151.04853333367498
165.12005659883974
168.81543240888362
160.37472658054534
168.56527066083333
163.84813259560406
161.3211414982165
166.65430771681187
162.74028174449836
173.50043168710698
179.9647567088316
175.22257320567175
177.80022275355736
170.28378820398
172.42572214204856
177.14702467686294
174.36044008667042
186.64735369820406
186.0865379051633
185.7359044340305
182.38635785074882
183.10072607544305
184.39033048757386
184.6938767827232
185.3792731557223
193.14927415977354
193.24708630535056
191.83647042964714
191.40622886302324
191.75783084190704
192.3769901037447
192.51059471332806
197.09237753319613
195.35198049099503
209.24084325464142
204.0675109325974
209.7052414213969
204.16944392951774
209.5661861504007
204.53911982951652
200.78838745837598
207.20364703735316
201.97646140336724
213.3755928527601
215.20239401465906
212.29869450014496
219.95731757947664
210.60945539039923
213.5377405082715
212.8267836285142
214.35083449618716
213.5112382904663
224.15727847097529
226.3298066891644
224.2336127114461
222.9994702076336
227.67388765592239
228.31083138477533
228.19041662366828
222.73951971266752
228.06865125535575
224.43865999087214
237.00375545076722
239.239780047332
237.78444994358688
239.00061019868937
233.55620939052105
230.36824961340636
238.56713751517907
233.40058597980686
237.38435762728932
234.57516200625113
248.9291647807319
246.6280716256094
246.5379771026276
243.54360871411717
246.9609118530662
245.2118364126247
242.52074273982137
243.51785273817384
241.800806405649
246.87245110116055
254.71944747914452
254.50441621411974
254.7909691838795
251.7692618326312
253.8033725285901
253.67165226256728
254.26258182468567
252.35588076600243
256.28798372943635
250.78476620487857
267.5365219381262
267.41302333535714
261.7727092352244
263.00499215189683
262.894469374836
267.84846805020914
262.4112695704278
265.47621477387156
262.18011503630004
266.6487347810679
267.73152424109077
270.69967437533705
279.04192786871135
274.26300387931065
274.1551810156743
275.4124737325536
278.1362027248605
274.92229959882604
273.9802405560194
273.4421826024823
278.9945552615159
272.7066130615948
281.9058027392167
282.8460498952337
286.45392545385795
286.13971142736136
288.71861893662924
282.79724658719744
282.330575368348
282.61078371868507
285.73279077803886
289.37220872882546
289.3884687190224
294.5724915079626
299.84330265621946
293.39069807186337
296.80395860335807
293.7105565920055
297.8757893981481
290.52368574017987
291.1089697085728
297.46973938594743
293.22948629221275
294.8871957256329
308.1150695424428
300.70267942181886
306.2921014218173
308.84903184533306
308.3474585769784
303.519982845429
301.6373410159681
305.39999797345166
307.5666334514124
302.78669190617546
308.15041280791803
314.20107730984586
312.06711071596243
316.5494654073863
318.17105283553343
318.40801565680744
312.75688123452613
310.4098865173599
314.48457898681795
319.7253925122329
317.16757985637867
314.9156165264008
324.24305185130436
328.9093243948408
322.25690064140025
325.7551612165089
321.37994792364657
321.0048631248026
324.4103932658486
326.79993663927587
324.1026475711634
323.243927316435
329.7617289180313
331.3675284488022
337.94509324978145
331.6136304937365
330.34231517388764
332.5499260900346
337.58829994334235
339.1615030459714
332.9970678358695
330.2063724753498
336.8572388363491
339.755856282301
332.530636032361
346.27868988698543
342.06922564509114
347.71094401174344
343.35542907513786
349.93667303761936
341.815898293975
345.6281841672475
341.24291390809765
345.7559391284212
346.8762293718832
341.34592687438135
345.2070798007946
354.45581942875236
355.12604793895036
358.86825293002886
351.10855192813506
357.04579106974404
351.72047667504165
352.77768239020656
357.17558115188103
351.6381218962568
356.94732728362544
352.17761208445836
355.4357308863297
361.52469695105486
361.62239432159816
363.185870652564
363.4363319233879
364.0930463262958
363.8520680929781
365.1719237918619
369.3287278304929
360.3137496328253
365.4184308309801
365.06353005770717
363.9284757957665
376.43845866377666
374.062063730431
370.24916201578867
375.47505776270555
372.89891182030294
379.42033523669306
377.6014486203681
370.24554465876844
371.5771737742919
375.8105519570131
375.86277256182257
377.74047135703387
381.0703937477233
381.9125851416022
385.4732770215344
385.3913575914112
384.9268708337263
381.48813019234734
383.23909494346725
380.39125118771847
380.69886248288236
380.3475386615846
385.6350436385171
385.3253672866909
394.43985732581376
399.90726409415544
395.5918211872169
395.2279171585981
397.7898918280038
398.8616853315277
391.0851148090706
396.3590945437349
393.33857719167673
392.17214464578853
390.02547348267353
390.0660625508622
403.95411134566723
406.8377779636632
401.99166260811455
401.8211934557911
408.1173227290821
406.9468569134228
400.81806191095836
406.62982688429133
405.1079617168751
401.6835905503493
400.5195817261094
403.97735299099116
412.98411645858386
411.43423631622954
411.31020522313565
410.67288834715896
418.0252003019874
414.56200579211725
416.0117515572462
413.3343425309199
412.1577924464683
415.6177400035892
418.75443089636
414.5995399888247
426.6200467036653
428.63582724526447
424.9144635455207
424.26769887902935
427.92305097924674
423.9066133640459
424.7588433334874
421.6636685068575
425.5681280035523
420.5067985946455
426.8131800883601
429.4212250059688
430.3621678469358
439.721041143257
434.63995986523054
435.91041823806006
437.2063944955876
430.11711564195576
438.3027337794037
436.27426687825
439.9684326117819
430.5558861843493
433.2226315691203
439.85079861612627
444.034132537524
441.95885857383945
445.9667765299929
446.5617488407613
445.00604915470143
442.5542687692458
442.30667005312495
442.49069382525107
444.2641250989838
442.9881596276764
440.7888511506315
441.98706804027285
456.75760346780913
459.3866467332944
456.35704869285087
455.73968172087075
455.0966185030863
453.833976317445
458.6858086378961
456.14311971722134
457.0106691719502
459.5500514165472
452.28349200628844
463.33070008189236
469.27143736591347
463.1820429301345
466.3456771835499
467.2997272618811
462.101074860739
463.8413979495001
461.17287001547174
461.2904022216712
466.838599621897
467.1126290080422
478.38778686856074
474.9961322052718
471.9777379242184
470.39655471742896
475.7619552159288
472.3337884670712
474.32044293118724
470.79224571512736
478.83600102275574
474.6973734728548
475.40722785277995
483.2324473654603
486.9519422323778
486.1162495651793
483.58617666004614
481.56221091278957
482.5767133456028
484.6863912710679
482.32313058641745
480.55785186690116
485.2391902822101
489.1979901673855
498.90557529881187
491.93245704742037
492.0292531307607
497.3410201139422
491.5697201089943
497.78977903954035
490.31858953526086
494.2211700674348
491.54195103083435
495.0767393909462
491.75266166515286
504.98603950041127
506.59615924868