x_izor				y_izvor				x_oboljeli			y_oboljeli
736.757080620366	429.178505025092	730.859419274922	421.931737505729
536.446703878653	889.270256274424	538.642255700897	896.248303396631
134.420425305254	721.987208342026	137.047928274681	729.767370299155
530.539220449906	996.332816600611	540.570200545102	1005.69806678700
610.204549621241	890.085888562636	615.495969560971	904.856985857242
454.351537983653	269.771479526038	463.751355119251	259.783953189182
312.751119862984	301.468364342475	294.399903980472	286.325865100445
497.703182972912	773.510416970279	509.384302808883	793.892971108328
560.889898915349	687.829599936685	537.786880937809	703.095629872885
893.223723436576	137.251798821330	924.002841119988	159.484814956906
176.339457906899	289.329450120614	207.351922571790	297.512560796682
378.454462882698	7.57735161921047	397.078735868451	-22.8065219658326
796.793173480910	226.104419804832	813.579336906284	188.159031660036
506.748016839249	243.633700781087	482.166570911659	278.489953252943
207.196128337538	952.993570867553	243.174320997489	923.233120970185
788.638941405525	45.1601973706279	779.597395279589	0.629446874957665
863.167947508112	819.594372385051	890.013625277564	862.811308939439
44.9543420835480	803.903925284479	-2.81704114279907	822.361300033181
402.996295752904	305.583696356293	352.884844988722	321.972033249548
106.129347312441	353.355659159509	159.357725744789	329.559573735510
974.894529352392	428.643223019326	1040.00025662810	426.234158764593
319.396070800593	825.655044903150	367.935174232269	861.890589264050
669.888169128663	659.196153476080	726.472506439465	698.159031197060
516.562607911332	161.659275474902	537.324698895955	101.947317507717
988.057406535812	832.812490253872	1063.60238038311	848.542816590306
243.166890625641	873.090128673186	276.517888072111	943.359342254957
761.654336450736	126.391763781250	692.501851810026	86.3697254559488
661.763862826340	103.413176007901	603.535063389655	56.3786872093515
39.8144430408335	691.435261796770	15.7583891992410	610.684322182636
3.09801703953250	56.2452227746626	-2.98714273545821	139.182277176140
131.203561218556	380.543485265328	135.161998709983	292.045972148207
421.790771399970	277.781455645505	454.294060981826	356.539011607754
982.416245238354	469.718699389419	1039.98578656898	533.626444274562
867.687060268261	950.575496508157	877.965457012782	1045.40174056151
561.023512091261	503.376043000361	578.968933990731	599.073802696005
651.431433804419	699.333684654742	701.900999610902	784.740638515644
421.241333842090	788.002975827814	465.430921206099	699.426650553406
149.417201485266	137.897078917354	246.030403409505	146.637903242476
773.776399576805	316.927824511185	733.293610119797	413.113849439610
720.341012653094	932.402998768769	665.432054913995	1016.72491379963
218.934202054860	728.013853874116	206.692351486477	621.212321491637
447.536264261712	872.163819379513	378.359783958751	798.883549636911
226.148996102687	90.6908029655311	138.729970079739	38.8945310352145
968.356452232694	326.154651845838	990.019231428151	216.237531406739
91.5996088494064	196.606653222490	198.058032591044	234.945036651396
311.513438827840	460.422271073504	421.296422152285	450.247207835214
180.237795197451	207.263513050266	181.233193697380	324.948621601675
583.465853742630	145.692003690228	474.824072045510	175.681748171327
579.360561899343	803.254372157494	496.935840324076	726.046477401050
267.741918623261	465.981057015919	282.381198850329	338.879182354249
131.145852403687	958.003410783711	17.4320168774971	918.506063106016
672.245353413342	907.001301305098	637.989335046332	1032.19964061118
232.289878630105	332.089256450174	187.245240434978	215.404109082890
39.9293870962663	466.838541362435	140.516047679377	398.379663076493
41.1950102833077	908.448173410176	-57.1955584809353	838.885957354103
959.212530197479	201.627991980825	927.142229598934	67.4263493797439
395.610001909568	693.259502256289	468.885757908945	804.855663574884
562.936333813629	315.105067784579	427.818274806507	348.045002982566
1.82934454547612	720.662435148127	2.81825263259616	852.611839676685
11.3167790093229	374.221547313598	-123.449810123720	388.625411564271
224.678880437845	736.975379794986	325.409387402616	821.683006894437
985.132372738471	64.5247257749204	1083.57054366991	172.131346441628
357.960143720327	661.395016269789	245.646598297684	565.142755123452
94.0305776324671	451.590659323500	25.3618677672476	325.273547047957
656.834541775907	524.386310537558	585.892231638623	394.654781857094
818.046807060048	826.280049937711	777.066142746269	963.237933353953
150.197899702676	981.895710909021	167.499139178416	837.409911484709
891.846445463330	493.610916538408	758.683785026260	426.345222655655
509.869179994805	615.677951460178	667.537721223380	601.110470037403
738.075927276840	391.379288244807	634.588947768899	501.687633272010
477.587895837687	432.955619731364	346.098147464145	344.835849511664
464.690995847381	322.308567474864	520.750030052437	467.744767369976
944.165285266739	661.666716880852	838.623415480732	548.171743122191
158.750922290232	661.923814654994	201.066641786513	806.897793442380
712.755888415314	517.527409898883	859.508723039606	481.760596342326
546.355070824876	453.022304054479	689.672926562420	371.018491228510
247.739182547466	461.554524696314	398.298146443326	385.195840776255
772.961447824164	483.783438263889	718.377118382680	634.583318586150
459.540425426232	956.806254760710	499.213091088905	1120.63644145467
258.683438356793	995.131641115505	144.101924037692	878.010818323790
986.078575355192	262.672145484249	970.490760893203	423.238426921499
722.150888861286	777.839237402462	886.769414534039	803.808436194473
307.132929132710	929.822868898957	314.711963903565	1092.38657190249
713.331318572053	201.601978537791	886.563461403231	191.957058334347
641.421481036892	994.039641605164	571.119366804171	828.374538485411
830.868777898172	787.268282185854	822.711268993584	612.235698906944
853.341561513992	528.756901269936	692.171403173315	453.676282787829
728.016631354719	665.826365258520	578.598533809477	747.501334808918
395.806229799334	125.497979716327	428.741477634525	-43.7530146861919
67.6238755148079	147.083895300308	-109.312755207173	155.715063275643
165.180391688639	812.519863828638	20.8974490476236	910.417747003234
987.712125400439	542.634933152559	854.889562308641	673.766170377973
240.657936542872	864.073211499986	420.489557340597	816.231934857394
932.627728133723	140.631906024250	1039.80989825440	292.321749468528
104.670941446207	77.1176922101945	-77.6816077832058	80.6292900795391
953.452904214098	180.654964598052	793.824935336518	90.9622255308745
26.6458035374989	208.005346100553	182.501544244026	109.472193983428
692.491100746201	579.245607918027	854.727173968811	667.513861930099
263.159731840550	835.806248301776	230.183700813751	1018.22898891671
205.288697107063	40.5771046146483	143.738518716251	223.656916851024
913.274776525818	204.813784516774	1090.37302125731	127.479134594943
290.212304375629	531.624341393357	410.359587401061	382.072137235372
265.643771765063	542.628349712208	220.248269614664	356.683215782661
506.570637942103	990.670013020366	359.388714839286	1113.58684344220
581.188173075357	995.521327208562	396.329732649256	942.264747102382
29.1916116645079	263.873935006288	114.249981113551	91.1736082447287
61.7547977070950	304.885383532873	-57.2681759917975	147.790071656418
995.475988011711	313.378267116491	1152.11912625468	430.105828228459
604.299226692278	634.441336554995	621.525360649186	842.971887781457
830.545848154415	249.476179699681	996.443937063128	368.309563538830
363.818808799854	489.935408211129	219.586462060649	337.707557823271
757.738268388404	366.774901382850	586.019313639718	256.331420749056
613.239395178305	39.3018664781846	711.864040025478	224.210400100604
857.150728747719	399.836547004016	1042.29661052982	312.904078962659
927.833620536821	615.031126134796	935.411313350864	414.385779540984
516.202730322415	656.318642755041	680.347573246816	529.867775273225
768.836034757698	206.193956886406	842.572031978212	18.1580728777353
791.165383073859	787.372622215057	692.747837057007	976.695442448878
617.771660880116	275.190278495012	832.958774078148	277.754786856840
692.607559538171	499.247444250869	810.951526785738	322.993533364975
352.642081965608	141.812509618455	180.979719052062	279.337978953036
71.2497103876351	476.226690597943	281.494861961551	463.844488067630
634.163512224926	968.147694043731	424.556362703758	1008.93015952816
827.936392293616	258.743164695558	877.972943610029	465.604430673552
441.385036692503	460.578146522272	283.599490263888	605.664333278404
77.4439870610689	659.262723715559	259.860544654963	770.218788858127
88.3723215426480	419.984723125827	287.091208917948	316.267370229423
105.564756856327	328.712251762163	123.434063474016	554.335542397145
463.060011916566	839.227711740999	242.462882621138	879.447353910504
832.061692592682	527.863554173076	884.785368868253	744.540681883580
230.289591888786	963.200643059692	457.194693890809	944.506424546657
708.746990125397	973.610525953501	558.095939764106	1145.16254941183
630.905036978308	109.355012632325	576.180247855076	-112.176167327294
726.603509776081	637.449255598579	778.783232208029	853.990637807049
219.153586186528	841.935700396659	345.959959844641	652.369212627549
341.631047917416	812.522173280845	214.915135352732	627.276958494072
621.607926338388	473.880631339313	480.408625329857	283.529541265026
438.829248354771	240.033427227810	398.512155081732	475.851586721749
482.573582700532	112.852845728998	577.980456000556	-104.952051282266
253.891485284354	212.720704740749	69.0193447727971	61.2493102861490
929.781932412570	765.665427999707	697.286826092225	787.903424356403
770.407171350312	342.727113834050	869.877496550100	134.940721511085
318.780558329751	163.660676523310	81.1483520893825	184.760763241647
497.303853000486	451.254771438577	406.884981219426	236.079816665589
785.345658651825	272.203545715772	858.520312808878	46.3788277703786
150.636110933955	507.973748356915	-80.2005696807728	549.686258627014
588.850448487020	903.632631696526	494.507727491454	673.273824455332
264.363846464536	443.446540837976	96.4241924865688	624.061264311804
90.8684175769522	826.024260296308	241.992124880199	631.235658872153
522.390379267160	21.0219980611317	558.299568733284	261.903752159239
689.791437710323	46.4160111637012	552.076265230278	251.414116647848
561.754666917771	653.475586668039	402.220566420510	839.695122419210
522.864301478489	847.925440784693	289.737896271243	914.771456778330
307.596691351685	330.358840090359	134.707163443800	501.852734273212
476.590553803134	793.569256378489	675.350370570400	655.866078430175
844.942756616186	251.476775760071	813.573158476359	6.60547195899130
896.274761691570	355.421528784075	720.185456821328	539.471939363339
207.674853414517	949.718520512435	256.434050087931	699.928531497156
642.459996511813	482.872468121069	897.216563556862	478.685640553317
239.626008083510	169.354033678940	48.9108885770635	4.99009482558373
623.234046753516	969.189663453386	753.914337580511	1186.76450918758
900.017147002497	812.618315192445	1128.12855775651	923.588993506290
498.410169150830	630.468879560814	340.100098071572	431.503098806848
426.937562186673	96.1207517471363	205.098674088132	-24.1747106959161
937.415369296808	796.078901987135	1193.61736284230	802.717358691480
8.74192684462738	770.837555890317	255.428475697443	815.990026205052
670.663991478172	400.799321586979	413.945570958427	476.108306021752
636.947147257177	157.014189709142	567.644675225984	415.290964545212
296.938379484943	239.667791988288	453.804032360299	30.1012912102828
278.708407555041	374.026253166467	437.522202620389	583.668339575091
170.648687875952	342.308122451946	-72.7360273152197	242.923101250616
606.889503478060	246.984523078734	387.793506191363	92.9074455824640
928.260047539199	269.784942950153	1029.73985995534	511.779823204981
803.803466569224	226.208966645439	573.398278919191	358.084173240977
315.185384043119	26.9137465183911	529.371403535251	-124.290624366063
257.553327717786	91.5732656886824	144.003783426268	-149.690176945159
260.092345616048	86.1912641826198	16.0728705961633	-23.9661907783479
475.299291702206	938.832874916734	548.098164354271	1199.56000784981
446.059409194929	600.057342897809	717.024968967612	533.408540014609
824.495120699090	666.134360458314	1037.06674637199	839.436118255756
496.438728224157	767.384394208403	262.426009148410	910.209849182342
542.980873941157	673.480763048185	701.339460643081	898.812937193942
191.485779671522	578.070187898828	347.671757194703	808.212942925644
643.246996530734	493.226831778722	380.233056685536	573.263937322421
557.669420643312	272.488195630479	283.821546590453	281.003716275967
249.826282067926	650.406751491572	408.301537176768	873.243509555848
222.070666289179	382.213533212179	300.342334292814	650.003577563159
760.037256591237	211.945202093257	706.612144647109	-55.4770374854358
7.35661912522567	11.8623119217915	-150.520627988258	-221.687803603571
140.831747255575	964.989605243682	-13.6151958404606	728.033850492659
37.9939831077657	616.089641397186	19.7144809095179	330.219546411179
672.300009876719	778.261580576452	585.388983552879	1050.88294430107
272.234178777964	454.329499853322	560.514175805663	470.238121238735
644.899776494603	436.122027367171	365.344815627519	478.822220948738
171.172779172559	893.328378052091	-62.8611214046036	735.408502265472
273.279854647733	667.600352043628	406.718992633577	418.476183148508
26.3573002873326	52.9076184417000	-259.269678548400	60.6830082697733
899.856347399918	679.355207275709	1189.06062119315	669.498067511646
72.3552947361742	999.101510119462	353.686384522893	931.289241709109
89.2513807924748	154.775396612904	-165.921566925187	7.60298239648870
509.113099856374	650.001238139676	751.729667581731	473.810412008017
161.114847009530	423.950566717491	24.6226042800434	164.243097841892
207.553241842247	343.007786661602	340.245436211657	77.5169743986263
593.602315925893	997.435280584410	816.499014317628	806.168574386887
2.35530674684392	498.806373687457	-36.8230703154119	794.094437584963
685.667742109836	788.796454430020	953.895868025855	677.182456904445
444.203671106277	368.443168050934	549.623309539090	639.793738489770
112.411334439436	779.711316924337	-184.653725992380	795.222465205009
929.114181602664	189.078763929696	698.752340386274	7.64846397241288
574.821972119309	298.136551527039	868.773400974378	274.662828409667
273.056387605699	615.571688104726	278.401409535488	923.640392811508
6.14150526578339	229.768013024013	296.483273477008	151.513562393773
345.420066368770	499.117585353605	651.711843881378	499.563030703628
812.723699797706	603.634828475916	651.741762888126	340.058387076766
372.135108450579	20.4560306393957	69.9363597181786	81.7265086484083
840.982505315024	269.106352805568	587.324854238293	102.426491884325
910.741036923615	699.515422948811	650.109958448842	851.359179581279
591.575387657136	482.549910555306	356.279808131475	287.857463301008
611.516194089715	527.207515339616	580.128756178401	833.168399692500
606.777636039366	947.614943090498	908.926726579443	927.975496018607
908.442991575217	624.778670899226	615.921392727371	721.669285105093
835.800784746001	894.862640971761	1137.67893281496	981.994154794966
832.387578897367	889.483997167674	906.588930307327	586.366790398503
462.463336843159	518.859069877966	302.778520815897	245.538153042021
134.075838881977	46.1573698963983	310.132861346220	311.179526901236
683.364680668361	264.261550666186	1001.50491427161	277.317438126480
85.0536294109687	903.943521227864	-215.020825074212	992.103537816841
60.3050302296713	353.120747481576	272.392658994371	579.777173317437
691.389573246415	321.586000664103	457.349061787756	531.646919010866
523.089774501912	855.603464524689	338.439443629535	1116.61798888267
917.500904948953	529.066530169516	1108.33358651782	275.732439772689
455.148632599853	76.8387767061739	440.942884460414	391.433821568616
786.563880381299	997.299980953619	944.904702510887	1280.25181558484
379.136356917924	157.861448395615	383.796593299950	-171.014859463030
409.257842926913	339.396660151876	567.922888412029	619.887147249402
923.064875485613	183.566886746998	830.412959944896	-128.734326196259
248.477371153918	957.740381614569	546.111254460331	836.500361673337
48.4627539004789	918.902761305259	-131.774826842145	1184.53133024659
973.158880799232	935.318423838239	649.147081369963	919.241823155579
878.805203971627	405.418130919565	1150.53514301049	586.969883368751
791.258085824386	252.707162375735	491.247391402446	375.328976891355
654.018971604845	881.640542688748	728.451737506203	567.083075908469
127.692361884039	222.066074280728	-32.0165433435614	510.572336691114
442.231097514934	444.591766279590	676.700456943300	210.436778291891
3.07937055459218	370.691851054022	-14.1162402749036	708.199179892677
634.013283285694	384.628453648867	883.952193258440	166.687770868272
650.731142508862	191.883667384941	862.623511793615	-61.5481164018169
169.925671336707	259.200749637461	86.4814539332805	581.111476275169
922.933535234534	954.262556332492	903.346701347279	1291.28216436281
157.643049281085	367.599834800136	-149.289104499796	223.297450468372
584.050224519806	2.50494666106293	670.786661043997	-318.997522639519
681.690007685353	979.215237318319	493.153445297363	1250.30602112745
904.073535650665	116.109990293549	571.020574938740	65.6270751888322
671.398308663356	300.293779332557	669.352433892555	640.043475836530
559.062099582626	45.1683048438246	759.325593443027	310.632345585526
25.3254944506763	574.988741902683	308.427010122611	774.394014887377
759.868905176884	359.321312095235	549.707213666395	89.4261128884275
393.321032599647	625.425562314568	92.2146022340048	799.315809821432
448.891338252790	701.090579388831	693.137600667235	942.413421183689
228.320476018984	886.912509532941	231.479209148705	1236.83492599358
800.440561060753	166.752553841694	742.182948081613	503.567278663056
914.873477288729	16.5172685496322	1244.21887668518	-88.3180765737606
712.633015913371	988.450035150392	395.576153161418	862.268926919490
991.834081200402	940.946146475017	1155.51964147491	636.390393286546
164.343261450892	364.136337561759	-176.867397682007	301.699132328437
738.469170676430	751.692862957363	1053.37373361338	883.420453215513
175.564455549255	21.6009184395533	298.443649149008	-300.995782915043
265.724835458559	871.010025238562	-88.6984036054063	875.815806997612
262.792823414459	735.938051093705	311.428532188014	384.158179928751
33.1745414982706	687.322255823532	-321.454562098924	742.318817924280
385.303435796783	594.630958938327	456.151437846940	938.517242239323
15.9981715787111	663.950544671361	-12.2252948157831	1019.87909489640
348.077860469203	545.292325163410	539.062592930132	249.941473328942
505.278204381724	574.367183789458	790.506899234273	366.769773340009
532.909161181406	905.182955874774	307.533347369069	1182.27524793576
402.882313329867	43.1127972457170	122.371825324058	-168.932563206875
144.281793611826	308.446913161549	453.176290636409	129.573818027447
852.866307643943	729.924179563191	765.757956410979	1071.15900427923
865.662065310197	430.816442382434	1218.05277275247	477.242169076087
51.3970581307739	743.045449363639	-309.514952157697	722.006738968591
956.638121825302	134.202103467751	597.789609131953	178.906700688358
366.843783420032	996.744475623854	75.7205219465051	1213.88779988384
999.263668580675	550.064987194383	1046.15603909430	910.463479074607
543.915961583208	732.712678191143	857.415783393196	547.559746515007
805.232767050375	506.856354767666	456.104144626676	404.398888177537
785.355634176022	574.798577997889	566.326310159618	866.991475151065
666.311470384227	63.2459062541944	545.811183017092	412.363923470906
98.9624648325472	919.524909879713	456.761758203431	962.018013293827
128.034384864859	660.967099267484	49.0499276823525	304.186935700953
437.339379445383	212.633663225024	89.4195738168069	323.192198985807
783.074659200080	670.927639333964	548.562959929171	392.632475164515
267.551525512841	789.529110888321	245.784568320847	413.720499044790
330.051760280747	85.0093955668541	699.462557082056	143.814928715453
920.081162807068	521.692147492045	1269.25898552506	644.815216391891
481.538975790828	615.182178667521	678.502013591075	295.515038125354
208.971880861834	735.141208773508	-71.5424186545046	980.834770357087
879.552250055868	575.378263814237	735.633615486885	224.312433214157
625.432365927812	121.937121280162	943.889879628070	324.835287777670
412.224031396423	338.616195476260	167.909462673316	60.4217403745985
950.417123654146	543.301194684998	999.147540920577	911.669139141529
924.114332314340	376.331811319954	942.713552799245	0.981788062210285
959.487405631322	691.825064765634	1265.46145623448	910.120058192777
316.605204725335	952.931920364585	-44.2970234447030	841.408625027082
510.218420079755	992.632409431459	836.074444075896	1190.19884538775
58.1467304056277	758.970445470326	49.8270705136860	377.148489646903
620.921178334310	554.600715040479	613.960632747066	940.011143159450
259.472842614273	92.9804340784076	201.543227315269	473.993108641158
312.752237393835	948.081835259636	682.085256341762	1056.53374628316
91.1306677859531	663.666422575339	-110.742455194342	987.364485121033
142.341532016392	840.449556696514	48.5551452889697	468.863338494463
150.321207432766	973.130963661546	491.135927846162	804.184728634847
313.121192481650	173.415427576409	36.8292659762802	-88.4898897497421
860.157454444941	919.912640565197	996.394074446460	1275.02365635672
649.782714389237	835.274612685481	352.852884110926	1081.33774030312
760.918356715545	285.741736673543	542.417006748891	-31.6425709684276
125.959724568116	506.851844219878	518.084981170692	549.520148399588
766.266988632048	676.432126882831	1002.41077815497	353.690851950376
527.780043587227	246.953671493152	549.794426667131	-148.025132910110
852.236614481435	705.716235060311	667.460516095281	1055.09124842949
653.611799620859	128.412488566688	711.939038739348	-265.077957590966
428.178655115655	75.3085852363933	382.177112379291	471.508663595019
785.232274231692	538.434726707491	457.197632417699	325.500838387221
229.717896481080	678.100608041414	340.046720800297	1058.79481912410
750.848347692482	695.720897336291	508.118980659823	1005.23291759899
431.641427311951	90.3469673701650	769.289686041315	-109.133970097819
765.085672882886	337.458683159781	376.762648074060	373.860583779221
157.884521922357	816.396260199895	513.973784791462	975.619279965476
335.248679579267	609.190468880273	-27.6805140413538	431.817064755095
722.804009268356	202.122799080438	1073.28897039249	408.707574909213
383.114481108217	930.982087753247	34.5516589797593	730.729108159231
78.4611939998497	161.122340218008	222.106606622352	536.390600190454
46.6806689060981	331.743660329847	-269.675172672175	73.9089640400413
231.045659121395	0.352520736493944	-126.915156957758	-193.218650938579
772.420596247383	951.694716577887	394.451416307247	1085.09043528519
788.837236721735	493.022020824215	1193.74036197288	455.588409272504
648.504269683973	978.092975832438	249.851652167629	906.061377253976
748.135923000182	545.367676551867	1031.92349904858	829.646269833168
703.971270120104	652.666473539193	694.574084947584	252.257147652681
343.932937323177	283.556217426249	645.827146380035	15.1207721744306
809.934740115734	858.662748437295	614.905547365449	1222.69501956480
241.067211175535	112.656496855666	553.413973344909	380.457973654110
545.538947868688	694.807192912460	656.029949785457	1090.99884276910
403.156401745479	411.771618590067	108.341352690987	125.875994149266
528.331638632719	302.113062685829	656.505750076613	-95.7769538301486
967.096345842489	178.834829371218	1137.95370093970	556.550887880211
487.257271082477	754.230543214541	479.897463471114	1170.17718722751
105.336037730263	408.795744781141	501.764341316818	525.799500408702
433.096642371087	746.459275072068	504.005310133602	1152.47159842013
926.309270795586	881.855367657512	1330.70158011528	785.912853781879
943.894095212487	600.601867256661	540.845060795865	486.993992304424
75.5066777326155	509.568017660665	-318.415805927435	380.270471566231
793.244826904457	639.642214688024	1016.55548725626	1003.14876651712
655.170690933192	244.869500522098	334.069643461598	-39.0720246391178
910.621835069782	92.3423250391855	670.844533084297	-258.455546651535
881.311298180426	920.660987826274	996.172185456419	512.237118682613
167.753314321461	118.296973200370	-215.676231257403	308.296765664922
733.881579342304	169.093346267670	582.686676848538	565.119757399144
192.306726557206	848.546603389702	570.506425262508	1041.89877661054
524.046571621858	685.019733132514	912.494017728786	849.058847223228
456.775548999770	923.956951498189	859.030064945242	1062.87972131625
965.628757132525	635.695776292319	574.811504086341	790.898361276438
582.155352942313	543.599602828879	814.243243457016	901.796059781728
961.969056576466	866.734562489154	1152.43959649578	481.866322816832
680.190991649898	356.276679515632	602.129795953275	779.500078254794
403.937357717371	690.556497549815	484.115915006832	1122.90588516947
125.413985232080	664.822762663321	163.529204872123	1097.78826330216
467.277197652672	164.547038072316	126.838347806833	-107.701528947095
951.459966778152	969.078700485674	641.643818523371	1277.56433332520
890.983160170912	484.327618380731	601.299475815702	802.264870344930
277.332079592115	241.346956247588	-128.827696918737	76.5940431226493
302.584086966847	490.341139638694	233.559176166371	921.120430725372
195.085135471104	868.017632528047	-159.428476886739	607.456084428829
393.143134568896	813.110131381608	335.973881632388	1239.85366987595
966.010259308991	318.362317979985	882.364511126988	743.433179501622
576.901287413133	936.360202507534	146.614145086565	845.136849183509
13.3662978347573	641.611633594218	-184.487807489548	244.094258043576
920.352274421513	513.146746333129	535.482404169658	295.884656579276
254.820263934058	138.889890669146	538.039130037292	483.380006132204
451.880153406340	624.878947994465	388.318958077631	182.863823845862
341.294514370571	121.082032693739	-80.9750500786875	261.505672883381
392.067894653788	843.984758906507	128.226476880994	488.679274747419
299.589968461929	552.534389218350	658.483435924764	294.018104652006
31.3065449753467	758.865775922583	404.262043535702	520.743516955579
539.557934366082	720.139969829493	907.580405017221	968.997507279732
915.831875886231	149.889849885829	1308.30657640505	-55.5416935124015
284.787721593006	654.764688393369	-77.1810826152878	906.306724798244
911.946713739471	548.201367770097	470.658866606352	523.349722201769
601.484260242987	44.0094858696440	665.454293349381	496.265324074109
131.510350879250	270.003406900359	-13.0679504155130	-166.039258433644
16.6430673666376	542.239777951095	442.517104082096	378.248739344318
739.458382807424	259.047023891800	981.209536175410	-127.288370992346
43.9150704561168	462.760399130805	265.672282361935	860.172868915916
229.349613203750	491.635135125036	-221.707166432672	541.765561057033
173.993931058959	652.385189359013	395.625180282937	1053.97236596357
485.200786381469	367.061436521999	195.062034918191	15.0869338024277
724.505255840875	436.204763347229	1167.71434219603	324.739712729457
554.206576175656	422.038556872713	99.3381716717619	356.609325324169
233.749526353862	766.331795880391	532.545098070207	426.800407840780
280.883992040044	959.708203654253	663.387640510459	698.238709171249
87.3850991451867	706.754622034593	-381.500555175153	687.730292872772
909.297105420176	761.044328761040	1175.03282778870	381.673625160707
391.271553907586	785.369742347355	808.183877068712	994.325252981022
898.021602408433	117.308021231727	1355.64096976647	211.931219855840
741.691234225508	855.610371400708	678.612694480436	397.834770029163
958.234837015263	693.403533747004	497.977626412772	750.954750416687
820.770398062874	992.122651152396	791.433687653106	531.883828951747
319.055955575899	880.318601156560	770.188294526379	784.045822372002
129.977989987117	874.399515353594	441.783590250333	1221.84094313881
777.211192271864	957.422906568217	310.363545918884	973.154507678332
938.170743162672	347.006160127454	581.186129717511	28.5460207247205
6.02900736795653	344.353101486503	-176.181708105543	783.010804914362
922.294416216533	884.640300171108	1387.34112009164	804.051539720530
907.153043211449	503.455022594445	1236.58635619317	839.232643927247
310.340603876151	817.615853613468	736.485054555798	1029.15862750524
482.246912412751	843.814861272178	940.918345570682	956.596615703050
583.710732918199	605.504246806717	946.151690051760	911.472276467572
246.799490812552	888.058863831787	-9.84190715806335	493.368438975570
432.575493265739	112.225699914306	311.999471838928	575.631935233109
608.476691084858	861.177217207743	319.657306329962	484.453234201842
475.870452158863	202.382545224019	823.894562281656	526.251733427996
476.054634833281	437.550395382860	940.643271238604	304.618092650022
828.480691139674	989.658531109820	1306.41900572981	896.399957827653
369.218260499652	662.433365885835	743.279136350953	351.970052032695
772.113723656031	189.065403512956	290.834962474415	236.249556490099
245.637869952522	980.143357396257	-202.332543901863	803.438317031402
799.402741142243	550.451931716404	688.071244701225	1020.01085471079
789.362639538988	446.110229092798	1146.98267209774	118.957649711177
466.751715158026	684.176174979977	843.897029395907	984.837137273209
895.037979762388	514.816279311438	1352.28300553035	662.677144321035
389.588141369073	758.522800450077	862.428117906562	867.515590916978
952.351307021343	719.368153346686	1133.39932153627	264.905514591846
210.041809144438	646.799362104485	616.570283162282	357.591179514570
161.125148836629	88.0283385638768	-291.818518781005	279.964724540581
695.111771743691	588.069059530023	821.575712589002	112.569682451264
207.668685267145	285.198955619621	-99.7689893200258	-105.736034541671
970.874961969179	289.559082526578	550.446568874079	544.276094144387
635.896860567777	458.936180931935	193.077055562740	686.324141060732
225.691930540375	51.2487101521967	7.75291147519150	-387.972080809198
258.966018062967	65.1369024621903	-221.284990561565	-51.5401460861168
61.3240366781981	975.872662337443	428.370873931558	648.932134281491
54.6280383012655	881.898106626478	20.3552355486476	1375.78711528880
9.25129127497881	840.632539354764	500.203243735872	868.683575513865
161.888781904154	903.728642222022	-15.0144649287948	1376.71504937372
585.285912193218	373.521534302212	805.116066907338	829.936226927116
86.4132045434066	719.304928702674	580.218789405297	631.416643555031
64.6882458350392	983.377209003545	-24.1424320443563	484.141673725623
539.226449715430	8.67994662803662	694.293404292994	-472.618688762741
825.690437368320	452.299050038280	1320.38256039243	569.319458867400
354.494653029925	294.075167877572	367.600827000538	-213.694630172401
520.715899009617	613.237151955705	530.123131509781	113.074217548577
531.592801577834	443.566701678087	524.923497598453	947.996993846868
854.037366123216	880.951231359075	882.678409104818	378.804291724608
812.454833845361	376.280923860179	313.393540133539	339.377078591954
66.1649790494673	716.082808073766	421.086541821419	343.486939117014
228.733943379268	473.092446570765	-273.758329507407	373.635093038305
444.995877023172	272.933007358199	7.55511105866918	551.429993716416
142.694986981809	683.373961695625	-116.458247292492	236.676963266182
438.271231754786	327.800872814220	886.870920552074	82.3070785233827
945.071726957398	868.604908003181	1252.97316223417	452.171119646686
299.146112540235	734.339671361619	813.942654296803	764.760335865279
98.6134086656838	589.014152930119	-404.372534793354	497.618505270888
39.9243145004392	684.344122954810	-52.8345653575715	176.939084923206
566.082070093494	861.444575634750	762.652877143411	1335.11579152680
968.833667600914	50.6424015361607	1172.69428095468	528.250482747858
706.187649865322	46.9977856267342	478.723734832662	-426.261393756357
923.278816440374	901.569047811407	836.940498827729	1414.58549040064
405.513779747590	71.8384648623709	752.211857028219	468.871152697060
88.9575232060087	374.103200705964	-237.783732456996	-31.6753705466672
225.243523215426	113.425778355128	592.023286997015	485.153809433730
851.102501261835	692.522087976620	413.974274571591	401.145768975179
603.273166724632	925.538323481225	520.177653272081	1445.12950830293
49.4811360436551	281.678890823078	-85.2886015973799	788.396391537070
737.965919764213	572.822024889029	831.941506515542	55.8730122027371
577.650841315441	393.610442709946	1050.01011473234	631.986559305519
390.674417982745	454.858641991918	-75.6620228162993	686.592335793159
861.628184234429	886.375139319959	521.517091976214	475.458176407513
981.970902379334	873.013403019232	862.154435765464	1395.12941422369
988.712776461033	927.833292407319	492.362879957059	721.711051147592
803.424002617159	356.225456136579	265.281980427105	355.537476231306
492.620454616212	857.009667250299	678.573900209359	351.045168175217
286.736034068494	56.9116356511293	237.206116460230	-479.646120502760
477.479831292379	73.6504607017531	1001.95414842972	-45.9578683312248
455.871103541029	870.321024698972	523.698916860584	334.954439643264
926.413807505032	865.934536199354	429.805348405250	654.801248980392
20.5233660832056	642.824440476362	-238.205072986949	1108.70053602812
19.5161754191687	645.582155571672	-403.232025669399	979.676085056150
193.799113600849	351.367577337440	70.4471646879405	-175.249938774425
490.433095598983	66.6976808770652	1031.92939523023	-15.7950355739805
60.9182220434474	322.480273171279	-462.400930130854	159.727338484531
222.910212558187	960.006927393389	403.364836282992	1478.98435856188
27.0778028476381	815.154595070066	-151.061716400314	1326.72163383562
463.506411413487	475.879562057949	1002.32100369844	370.119460509848
744.545553086461	973.761621930983	1184.44165378976	645.426868482252
765.263611690989	221.734466009428	1215.35807542165	532.707952472897
497.743791948544	204.753240917301	917.806967370082	551.223137955292
905.757589646162	139.227035311727	564.907753897251	-279.614807478457
712.331560790281	593.730874348371	651.560432448082	1130.78020105889
130.356532238159	279.064658019358	686.059205819923	328.749946011298
68.2596415106909	559.700496998173	-184.185506400606	1048.77153128543
376.289451709816	627.926786389415	370.563469208026	70.4326456814252
333.725461917149	522.165377814056	-219.427195245152	494.356808730051
558.987154461308	867.009042223270	659.380124412378	321.997813087473
109.559162504621	551.738880787443	-417.925088438969	383.535515423012
958.594721093695	985.778075257361	460.038114261381	746.083450506232
101.842237077597	763.018562646871	-366.003262809121	465.382811930451
376.227289924555	725.941013108435	779.320966512437	1100.25246066149
5.73727589254591	922.770252529651	248.578682178978	1420.66337534483
202.760171859482	873.358145118377	130.955497651739	314.899388731087
834.872050634867	217.027842228395	1403.27368648757	186.425655440267
685.350168335994	669.274663151414	839.819579260218	1207.66402396809
719.198468423716	69.5670262532017	1219.35070060002	-186.211102992880
512.010678994616	92.1655125635536	156.371969978815	-350.729891840003
572.296703496996	934.965058258811	1129.23193865082	1049.16103370567
314.869946579094	614.656599948905	-178.885872787997	895.677028200523
420.587324136257	703.797519866033	-20.8204694532422	345.880371782231
951.880059063900	962.329810713676	871.197649004122	398.247391945866
936.655964910006	811.170170862275	457.643376960294	1107.20789463545
524.288428509467	682.115709306405	1091.14984533041	744.373547210441
743.042206968140	350.041598126299	432.139366425255	-136.014688512310
420.439370763946	787.069945500708	990.266453930627	740.689584975364
943.921923951646	544.288491258152	629.574499362436	1026.76100049005
708.329454834625	238.297775490457	1007.01752566678	733.889448100735
535.079022633712	60.8948484936308	992.906618415661	-292.446593494673
996.595943295483	690.654964742606	617.914770259115	259.605546834223
218.167268537582	924.346175767180	683.501093149780	584.517023887388
332.842767383122	147.811089126904	194.342592321086	-408.156848563757
588.967618824335	726.991343156865	824.686871738072	202.735357809266
776.433477044164	460.121543108165	463.529399190919	-38.0996454664962
876.914064346485	268.838844375899	494.951665714519	-174.810808786271
335.661237134929	779.695605876922	-68.7193169152293	361.686901778683
745.860046782701	551.391087896877	1207.28032151299	904.997646025023
109.350853444103	678.125634828365	-464.213150787923	805.560598581879
948.745302177295	732.636082323589	689.488603516848	206.711540640294
223.180089941787	336.834565015858	-326.392635472378	130.609722376183
252.996316272001	131.281186215213	438.457722300887	691.089087505529
722.239305939778	84.0651112707138	283.198773764199	-301.235822651449
785.103496017656	786.154527937391	837.579684633265	206.175397683081
60.9175667797471	518.390183908439	-76.9838730383669	-55.4208433563730
967.253206372246	786.871526607588	1353.53800520433	339.794600494822
523.947273614568	915.520854412925	307.161896973227	1468.37925483887
885.299338306353	805.975690373730	302.781857106993	667.071706681156
488.951000670147	116.777834947278	-102.857724065640	211.444977857734
921.228843608436	962.865233547111	657.661140711990	1492.79800620705
321.013641199826	16.8223883576770	510.157336333244	-547.341117158481
169.809375743377	89.9666218306289	696.263094334753	359.277081384574
879.991926907952	903.935631275580	1472.40394733222	869.814223689701
447.752225936425	641.727801500291	936.001296581140	300.217419861564
851.521931959346	318.257531981343	251.778614528203	299.935810705371
151.480920327566	652.952744604128	250.535375964376	57.8933889536532
59.0026068700121	633.441932554238	-385.268150735386	224.824546468981
343.478784896735	171.122973572666	-64.9097445690518	-278.062483073011
347.054433862594	716.579045885089	794.330630830852	302.658352860529
59.1278048063987	682.503260708464	168.322394575861	1275.02458665079
243.921119972498	180.117441754797	784.546057430289	453.525275724589
947.131755701176	97.0054708488745	425.370420357192	408.398171558724
75.8858697775200	185.773465342415	375.502350920989	716.725848265892
573.970705492628	882.755139984559	1132.84499355920	644.827658663692
467.626018066685	268.719611924521	294.672825195283	-326.546090054696
58.4643360273011	932.479346938734	385.024764443882	414.493117984422
108.932120700638	297.956417420293	721.057197878025	311.130821638082
78.6821884469544	790.515092486146	-460.933527889501	1083.84301300159
371.412496786811	228.232734116848	-173.231015822255	507.265804550836
641.782647407071	828.160292624635	1193.52231601770	564.777288382384
646.192510282011	972.556333808210	1162.71569510047	643.239064276663
703.644923356902	235.330104808776	90.9770079462030	250.973076589629
996.511597044167	954.848915380470	399.161591288847	1097.38499116335
73.1924132793524	183.648550750745	-448.680382272890	533.335180869036
467.988848446104	739.396917177382	-146.459189112654	862.132841454540
39.1794003069673	208.127301159086	122.228343585169	822.690343226018
656.156966449672	665.716275576324	1277.42861380363	722.399956011927
703.997670703144	521.079995402644	1327.54123016964	543.720135093515
113.248757033637	797.517163900409	-262.244299410928	1291.95523822618
583.635400293002	401.967352119715	1118.41009530082	68.9904408298245
919.333179174667	960.256500071544	1481.49362749571	1231.13778123215
936.597918956245	449.197936447856	947.325990634315	-174.993766897054
454.354643661889	696.822128167976	317.820847453705	81.2922036184104
986.001326205059	54.8674530818013	755.316172531202	-535.555515185431
840.995307042825	508.572159405035	1433.27449798081	740.689548425956
389.373073107551	634.488676126839	357.460908193322	1272.34084130298
879.401784860801	297.421499118994	1212.15394873613	838.906803597715
602.939497530447	496.806726011777	757.225760242467	1110.16308070108
44.3460529122506	862.838712263817	655.203511827704	1041.00508690493
406.449454118888	409.487755602498	996.551712206591	644.078952713139
818.355315498402	482.184337059577	1106.91927005981	-79.3554035586414
329.726317645105	798.940797068073	-159.197852385228	1226.74426039668
465.177280296089	51.0269484694358	485.510721907309	691.838647190044
958.792658593048	514.948016370666	1304.34855704091	-31.6869795763499
144.449877108256	618.802170294978	-453.817134733792	367.720689567912
7.86472422215245	626.231854178144	428.035399097809	1118.72950383669
630.591564852657	533.644957620410	31.3777201672630	783.921394580659
854.894283778262	896.117553252117	770.861052456796	1535.27855277662
605.095580511994	379.991179116520	90.3637840542109	764.991544588153
228.006686047124	367.560215604080	401.106087053161	988.675269339266
966.357560175624	114.114583206442	1206.66657718093	719.180714468979
630.262368385696	948.482034650683	854.762852195774	1561.97638232438
195.266014685167	921.885104574252	773.829244811412	613.434744502922
680.050074491611	451.627946360371	878.380539367153	-169.741703343668
151.869615478517	242.299715499324	-247.562254334660	-277.423650635485
93.0313951280628	506.820736051962	734.574653940765	392.008404388682
393.283495998898	879.040442176456	603.388509354772	256.561568005684
67.8689841406227	414.884971418129	516.565881937917	896.259976750225
768.520864817642	715.541380575314	154.958255581529	496.452750863255
224.213147841822	436.063624708337	265.455450818138	1094.92013436214
910.194761824375	647.415155926978	542.250480580639	1206.28270955895
220.145730491193	357.762063890597	-441.771501283951	318.441651479621
533.760709036741	135.168391841672	16.9253574578955	552.773953154597
343.564481279536	517.392448291750	649.970398391483	1106.37609630598
497.620635839867	385.313378948587	13.3901874451003	837.284844937732
277.473013221103	711.317482719079	901.341611463862	953.198671837307
151.016540804901	840.271501539261	139.649571548599	1507.26650060993
289.675938225156	512.972778989533	72.5060453096059	-111.659170204892
69.2707142150133	148.730745536117	619.183961373467	547.982708898026
562.555679793619	47.1870659488023	1.90794769875811	414.422359118857
543.924620828396	876.153134015563	591.241083645968	1545.34227142092
17.9483781445452	628.802505258876	271.685834678439	1254.97606709423
862.005784989042	648.915006709487	839.878984876509	1318.83089989473
411.782992622047	667.102550159691	245.891218322738	1322.30321748656
228.461484078075	69.0790880840207	-30.4382216046930	696.482876021755
438.437232321622	439.745230159662	820.295700288629	1001.19333191826
146.256253773378	351.776694602055	171.041987740124	-333.313315203751
583.763171800958	259.402059059709	14.4033316553830	640.481781629930
991.821194626553	46.4018417847621	1468.13772838346	-446.291443055222
89.1455434585703	879.589041109097	638.263789431585	478.486315051328
592.983169564588	340.035281290521	46.0059954022510	749.356470553950
974.865594271644	205.912832934365	342.913599166989	467.068366211330
898.829641177218	82.8297551603061	306.951262722980	435.192102636530
273.395598627377	441.190597277082	-10.5617963738641	-187.270037193134
646.314916989344	407.025965335005	1221.26920820783	22.9133423711025
131.299834554407	989.434787217555	-420.769669498983	1417.51221677560
725.927674641399	145.980126215707	743.848854180965	-548.142074446882
437.112102303442	840.228413379802	438.148569993395	140.487437410478
539.965032500682	321.570545115969	758.091675114645	985.043538856250
124.354630593275	509.215382655540	813.293690876437	426.035357385517
310.781321587288	314.779512228154	-236.079818110616	-110.124930908105
519.474605268528	7.89605207386335	1209.54737141573	-70.2035963873243
525.388977660775	730.356155244751	197.804840995691	1358.61761044016
560.500505496290	130.325867420895	1187.23787307472	-191.624879742003
301.467721557094	123.525377458953	666.853171560418	731.894269270320
482.892605629600	926.948032834984	218.540043086437	1577.82878137634
808.445011309760	514.793423376734	548.132651775435	1174.97883979277
509.507062025304	152.439489708869	-193.459049367677	97.2673372680409
824.658326853434	888.586539660188	253.355844916593	468.764091659643
87.5353922843081	397.781675330925	-374.682320466074	933.761396941731
226.363114550092	286.000456688646	241.106691923286	996.360907670402
773.002731938840	374.769075431813	1448.77055369502	592.870936647842
57.5789559431494	307.296161755190	-653.160357120643	268.149285481158
682.945508264083	786.186850167803	900.278228908998	109.517154560168
876.294318380985	738.547456799860	367.020132836782	233.717861732989
368.015285107916	459.511642881868	879.029007921078	955.112535598989
30.1920424775743	801.898513801881	599.648428409484	1239.25939739135
340.284270596846	516.768519205396	631.755747435576	1169.79671196938
541.559387627078	61.9412157640795	-94.3071816634189	-277.130803492228
433.731795643277	878.673199100362	786.449835160244	1516.95160768196
749.070761503300	261.459735178726	1410.40542769420	-39.0933790801718
282.147600585880	244.234868743108	809.522401373836	745.985154926975
957.772688170530	1.40434901268727	1579.28255077799	375.752879346978
913.765867468807	697.192204045114	466.778203648644	127.909381305381
949.936766897336	414.580243475898	1035.67706267928	1138.00681854356
631.815780641853	819.469946630990	1160.28811501605	316.319959794649
201.575586275339	149.091948416442	914.608128729396	-21.9128463705454
858.735727173291	63.7211939783410	350.519736334121	-460.568746173523
724.089318825786	566.851904828991	1289.84718983938	1037.59693721873
35.1320484429893	350.424843375192	577.768824682029	843.721081264144
407.304192678343	746.837396333156	1122.12325507834	906.605327869463
613.626908195594	905.392061226780	-81.0942549165792	1156.10491160677
446.220073916141	85.1513399907458	1183.35192107511	68.7829546469800
634.224414641935	459.096385566516	679.094323190535	1191.52635441974
253.158590701970	750.339163273110	764.197678098314	1295.79206599534
148.193695849686	133.885447786078	870.414768090622	336.075657647734
3.22078432713913	91.0521703962192	-657.146302217091	-253.533466703790
9.24261997905451	807.817468952425	-693.103126762621	1053.28721826752
336.377956839141	794.037996519241	-403.495456522848	750.937803428329
415.032621587271	584.288742147026	900.138282882171	1143.81473636609
857.678877850067	765.249165838865	175.731658755928	1061.64451575857
619.643872962757	530.696607813383	421.539651282630	-197.965482047326
719.723315292134	688.405880959848	760.901895755339	-68.1810639135487
728.772167483628	532.801350502728	87.6580240002735	932.460297431423
771.585193254180	75.1351858835784	1146.07424157904	727.652728669067
293.394542512651	741.298524138280	210.770954926476	1490.43084414752
993.208741325543	723.024223796690	525.570685758475	131.538240743303
968.954667276638	769.810697086547	1720.99782819700	862.189020258479
916.527726112778	820.746685545070	1361.52154501351	201.799326794089
435.478573303839	890.906267123962	331.190941861336	1647.47764160832
319.221706652493	55.3998459245774	616.942232854572	764.811325352637
620.431497700536	28.3605293269896	485.009922000029	-725.554533650505
701.953766288698	85.2280214834392	-50.0653688483772	205.627939204809
135.349300383814	739.749273741771	-88.2602437780347	8.67054152016635
983.045267737672	821.307950140184	1687.09028870160	526.718748132244
994.051583760823	180.986353123070	600.928471111664	-486.471440715987
762.455000590119	833.066375904886	596.240116983415	1585.60805973930
352.962824843073	38.1571627844718	4.64019213061897	-659.371962164929
715.009358844476	453.611230821754	1331.25578735361	-21.7767549987219
781.931043004372	371.095435645067	1448.15588930867	-20.2733115493735
827.051794385168	425.964733271649	654.006187301647	-333.691987115707
537.676611613698	94.3801765073178	1285.32639336977	304.700240998433
183.966674446915	492.550739159949	-103.376224784632	1221.54720774738
269.135518638345	449.533620634337	-469.018758232275	703.645180333709
543.580371766583	717.481702848269	498.559174120149	-61.6206141024973
649.719632597251	423.531626471445	-31.0624191186200	37.6336463955856
585.040819378207	687.784997620135	438.582005350959	-85.7073382997327
685.941629699377	529.201547398009	-94.2317475223446	643.164982456181
807.721830887683	51.0340565114591	138.776180445524	467.043814780480
601.863584807739	466.655330123148	1150.98379197696	-110.047794405537
985.749640517021	960.130584725378	1751.80386927084	729.831333641635
199.020946216154	672.025701579366	478.229335542830	1417.31782859257
859.588040628659	848.756087166931	1316.04052402884	199.150600406080
416.029353918608	814.967422903377	-71.0607359047174	188.773707843811
390.835858006868	747.137125068833	913.431247740631	145.683862335656
440.055812365539	819.751536736945	251.478199138410	1593.87520565260
658.232306722324	685.743589265540	948.415547271467	1441.40638393960
506.445812504105	77.8037005800427	-150.713532533052	-379.848224168217
16.0782985253340	206.110646185073	-787.390151623431	300.531751834096
653.687397438151	783.306845661683	1.23456550687229	1259.96554463658
459.657567220452	360.285144551135	3.02699392127181	1026.16388260656
268.660628727406	711.326417478090	743.823301875196	1358.44768793140
962.188951929178	791.879217624636	1411.53017565960	1474.01996364041
6.82495101993341	415.770903439411	-788.638066717012	591.383710672494
157.019954336263	4.05868461615810	-548.928329737899	-409.790737935901
532.938859671203	860.977917371295	106.011660060297	165.336599361785
849.968058694658	982.400695152977	1326.30176542488	1648.41961577633
169.168882430820	452.438649286583	122.688073562889	-356.856542578453
84.8159587759916	825.765176440443	832.140770931509	1181.18622590561
211.969754131036	422.641402632002	-533.624110021195	770.685667223882
207.659254377098	471.975414383868	497.042240218795	-299.641281877746
395.927681136445	196.159243332302	-412.531704257365	32.9207000048221
530.576197816941	279.675690342449	1314.11302742170	522.071798727664
56.2243511630465	233.673621707554	876.052683028656	341.706579632902
792.843211504512	398.834518441231	-30.5303719809339	554.008495888279
496.520800488994	40.8996285720685	-94.4214573566300	-551.373339869069
366.924695346040	185.303742202525	721.578712714118	-576.004610663742
621.231896940308	157.149574583521	1165.60946980694	-478.524644610632
439.058065734070	79.7867938908615	610.510730453698	897.506219023569
701.103139621346	275.661860478555	452.336586288270	1074.09703913595
56.2166710572408	79.0028416831613	-287.503978879654	848.154693918103
192.006238525636	716.816608697985	845.187184792050	1249.01555279911
897.296612098924	166.786210440709	1068.00096525437	-665.620891439746
559.999245369317	585.768439524156	659.357093778306	1429.64649079701
237.804224734374	846.163556188120	-586.532342567095	678.818091345341
554.921980761548	242.994360153783	568.036332226728	1092.62904135934
961.483875917114	403.731119525991	104.006770378157	346.034292249855
239.309586724150	708.536967951052	1005.70450172633	328.953226455235
13.1156387281061	795.398665934279	-73.2560671067226	-56.8830293651230
437.929303125374	258.963182140640	1247.29887097631	-18.7573610330095
31.4846710440944	627.662294674549	871.308613681808	806.690013857847
546.105574085430	599.816645538825	1265.22171924985	1058.53656331428
604.106325406878	871.213849945238	1391.10422033350	507.410278001942
377.201915126784	731.877119755233	-480.374157723614	798.851972012008
844.919390528697	433.674143621502	463.319204385240	-338.179294689498
739.278172452533	852.527158021675	923.418890183438	1699.14396798925
558.576093694916	409.863818344092	-294.473073559430	245.740181539598
259.693283444333	810.414508547292	-215.487877740940	90.8404725185778
142.744063883728	115.344946530989	-89.7407043705624	-729.845618142605
51.8846642607375	328.867117734559	559.523939694288	-385.143347263070
293.093399600204	652.222669125726	541.533379153156	1492.87145872132
395.853448670869	779.679498410902	-308.914612577967	261.947376928661
571.339487933578	673.573062619865	1350.10889801756	1065.81449695694
984.537560263041	294.725813846225	1184.38675252700	-570.854360790831
274.175083223215	494.274923277302	175.251595869246	-380.727600612012
998.333546152436	638.785977226348	233.614168672225	1075.59153917242
596.006266070596	447.493116855169	1217.65711764205	-176.987230504877
483.311015982395	622.979584779660	1107.98671251053	1243.39751934273
973.321802182958	284.340489920324	999.906020475155	1178.85175132783
952.033641341459	442.633737586254	1332.49452015105	-369.818270890388
441.179782669793	386.668575478336	551.670554743082	1279.38163931609
332.634632470058	902.721520475900	939.830531224738	1556.03439511461
496.824917698975	888.485620301926	-229.863860278499	1412.45569845800
575.652429215869	111.517325237981	-314.872043557538	267.911405503788
963.484066740906	25.9099484612179	923.083470624754	927.870157126741
967.415084386353	667.677518406383	461.839967210222	-88.2700536331897
983.330046912403	128.958255687840	638.366381270459	963.763877103960
438.636576704103	402.115243815015	-462.836938657005	526.191228662337
830.230924216729	681.132575863123	-22.9533303557074	353.280106678228
512.873987806576	513.254446408991	1129.36683623991	-157.601740206736
581.269953473329	538.053662825381	-103.525257359445	1145.67894120351
458.224469072679	757.884630283912	789.942729913785	1612.11343861673
473.070665782572	846.627999159617	1305.92749160331	1232.51573118114
113.108451387660	909.588666582578	159.199363363845	-18.6621784939531
389.992934815608	491.319682675752	1228.59052721152	877.061803778060
429.475035087251	867.340981001412	-221.971956852529	1528.23834447086
224.055717339659	140.324863921989	611.383992584880	979.137613174530
372.727215483571	259.739981392435	369.245865533423	-669.704253021822
351.964748411416	693.295936070165	1238.27737797916	392.740333964001
924.037536817239	991.055049073944	926.122106093769	1924.79981614240
652.068859187033	36.1288290236175	-123.376462980504	-495.022893765293
60.9053195101456	89.8843718401726	283.665578308855	-820.382791484831
0.461398244074762	25.8639162480909	890.267936394997	-246.595060170341
938.971315972774	688.315376835779	1460.70643767831	-104.112223472205
922.000110280771	602.520661965994	31.5966858214283	275.912510785825
59.0096324399141	7.17977085985355	-54.0520061724032	946.156967377661
449.573963627031	105.668457777606	1132.77944253524	-551.271197600269
451.569155988703	890.573772313421	-308.209496560147	326.580722007125
616.490911911669	281.211016654531	1545.87383842218	56.4832333644876
195.852031174479	963.648789886042	-585.920698073363	419.552515954094
823.260504697429	713.181737269658	474.501236551779	1607.39919329946
574.740072249630	771.054933934927	1529.90026356908	857.988539094725
605.301384135523	488.546694847489	-165.981009797501	1073.59346859444
153.709499342660	977.349209989722	-416.916797957637	1749.67521395195
430.895343971127	211.989155391657	-154.419938246286	-557.186872832066
326.208095139045	992.806278286545	336.936282119192	29.3708115247766
705.312818043919	760.318893227038	877.303099239364	-202.293276555693
946.222823344243	481.414596252014	306.885215058511	1216.92743578228
474.916885790982	632.184933799435	-502.886186226616	635.815486292233
530.595846528246	792.592864322427	206.914043752113	1715.45608870144
184.025554421481	649.699305329251	105.709091054838	1628.05863699059
969.224722195589	193.584038717797	948.239554977339	1178.92122583144
556.161592029579	454.626546687078	-377.275158123095	762.479916052774
992.214969232703	303.968304833682	1886.20838846727	726.409810028745
386.751127214904	29.6675685926586	941.965846940523	850.565381281687
13.1034373498157	316.033332716624	-586.238750923434	1111.47422904806
436.380422753392	943.194480007753	1419.72883853035	1121.32103500823
754.814868665902	240.393211410915	125.119797956000	-535.979897261901
168.720245053663	573.230424360054	-395.610718462567	1407.97006692032
838.467261281987	913.727618610717	1442.11506449938	107.712272347272
270.824276360716	205.071063795030	-703.375999813796	442.897249646013
283.601180120465	139.964065352243	-186.258909289298	-747.867598104035
88.9083652623670	689.068216829404	-440.883113982439	1553.53280161262
574.695558595611	19.4923640219644	1157.45414905999	854.283099507777
243.782451269164	688.955877176079	-716.895944740682	1010.55328094762
875.349142926049	881.775978055964	667.087180268168	-107.327806771626
937.287494529725	180.472438418446	1595.71689941994	-606.334601355963
700.952259245850	168.004405744126	169.162634365913	-703.324177976207
586.805682663476	705.931905093732	-63.0333331389486	1502.88683045086
584.877036258921	443.871492334133	-422.643463311706	242.829529936630
547.707347341078	995.499938629757	-482.224419049472	894.221109486790
450.066388651821	393.639115067010	419.102036294789	1425.34415223491
447.813594773145	842.102552634383	1186.77415704236	1563.39578745828
726.391184479607	445.779212550962	1734.38967672230	660.137836915249
157.258182508908	40.1542014229571	493.272539198577	1033.07913424210
203.163813052405	283.954016722588	-837.167571723195	215.575964672748
21.5698431417624	468.877523573344	-976.429599752108	788.646003564280
885.524475051786	419.552349598839	1571.14647361537	-380.965056825938
259.052085734989	205.457220285399	774.627065514855	1120.61834013683
191.403826625818	829.351437303573	1214.65410052920	1082.85568055874
838.267042274907	815.411812839649	1191.05586511125	-193.802126232409
134.171923082615	403.146858992080	-450.432228738263	-490.915211887485
679.481728159054	208.626506633571	1351.36241914120	-613.311986006125
967.331762641083	120.606790301021	1299.91085215446	1138.23192936195
27.2367400030629	457.312949670672	449.588779530603	-534.046458530427
541.670746381477	953.563776442019	1125.76389791662	45.1783342916377
644.350300278682	752.885477460456	1468.19149798780	41.7824076268242
741.571721494879	989.957618014059	1618.20759448682	1624.14373698189
588.828583122604	14.0623033109258	776.482908240263	-1052.28673174628
903.679859854177	528.480282891737	571.575828969116	-509.723895545088
926.232346569177	474.789949932609	2000.34809745555	702.630620571018
627.061472204666	950.144471090429	335.015518222562	-100.080610695249
907.342807031212	636.914006959829	-136.639815620640	1012.91841804481
697.923428292538	908.925223742275	1074.68041387521	-129.925864056645
20.6642976007823	363.624719435858	1118.62949112057	288.529774102150
172.782896744688	989.378025391229	1031.06609923536	1702.12484997316
445.208915487229	606.450367339377	-653.835869589284	395.982932453242
39.3339044816676	165.981709971053	1089.44187611236	546.789971710192
145.824439861134	106.632015229400	1270.96633733389	127.671183163561
695.105927616467	992.241632393089	635.049102257221	2118.51432922570
594.152628820080	262.206639677846	-463.850560846453	-111.020232839416
499.332193098309	823.822764571936	-372.549525311420	100.534424213296
737.543366603208	241.526258279411	-338.424132862014	601.131541375496
301.412248723294	815.482752634178	-535.220300176736	45.6432281117050
344.608454249852	616.929578604577	1206.80311764409	1368.70452956360
687.183960504005	310.432052725687	599.247961428202	1450.51144810169
34.2508867841327	20.2339413030712	99.4600926467950	-1120.80118430829
444.744725626149	631.050493138770	-577.581520531100	1166.40260373164
390.224561400419	980.072674096601	-707.306434903477	607.245491286170
712.039217963817	643.392003615313	634.210319756167	1791.31501313233
446.505204549000	813.766334635220	-622.036445713476	348.783282416428
383.977634538725	658.431029526592	787.841836307184	-429.106343083079
622.751908792917	633.323437094827	-349.483958325117	1282.44047891029
29.7847842589466	584.910626778122	166.350328017373	-577.493604123072
357.815310141434	42.8494988470585	-168.804502651067	-1009.61109762027
447.431268842499	563.013598761663	1380.49017570786	-170.896492473882
781.128315110319	75.2225514927853	1908.44476547087	436.856236048566
322.748395293337	512.441302426587	1508.24016648078	362.633926746665
967.225460994630	632.573622973158	135.221154523233	-226.292110905951
381.316821306485	981.182469452749	286.052207962366	-223.211793121751
12.8395205679035	136.660432761227	7.12218795268056	-1063.63589169204
444.492290924005	550.839155855863	1178.20247169650	-422.587988572203
614.766556058471	182.472949493921	-445.352943051402	776.066536561385
90.4213109705270	54.7612937745842	1312.17744224031	-33.2621583643163
226.218107376112	775.579764544336	738.056903758719	1888.53541387181
866.931995874199	727.013501940557	2077.86805283347	955.428590474932
395.923557458854	705.351622898228	1574.02763439671	1078.88280423110
215.457977830262	251.853298236188	638.851959960657	1422.80022760226
598.351962341156	501.590453521489	-306.894003919026	1358.07290861293
630.883543165423	408.171261507781	576.161694857698	-844.688868874432
899.295071965892	855.814036082003	2154.74035972378	895.389317769111
644.784011537807	727.238784481156	1122.96597559211	1902.22727852608
490.608990099971	348.254273339438	473.400588361500	-912.201829192544
114.210012256935	619.261505657413	1260.70324712120	1168.48034231150
130.675485928040	302.486481276714	439.931710508866	1535.29625144052
82.0090292686043	641.980299349212	12.7182834948780	-641.776774615059
914.203072539128	348.600089005191	1758.47544427736	1311.87927900844
694.164747429122	82.0796862469029	1767.32477398619	-650.717658855015
540.499717941316	531.452950577060	-208.251507639801	-527.642120121875
601.777194477995	646.389542238820	-667.921721069312	360.322892368062
208.700490198513	371.008699991943	1218.10227367323	-458.567554957401
897.487268381128	596.585525222376	2057.58558764901	-26.5211100337981
560.681306851066	437.267360150806	551.459628694096	-882.230724411610
510.074678744873	183.362616958452	1471.17908553856	1101.10034168338
111.451647528480	357.815016969478	996.006734565622	-624.847494696286
934.875469901927	925.863221062641	2262.98661435694	1098.86238987550
87.2367099811122	141.845875700094	-458.458136544827	1363.27965656351
181.510544767670	990.249984872265	-832.781134234116	1875.88484798866
608.054131474040	194.498835843738	1783.91387043217	-467.031518549864
90.5487768954841	393.580220275750	-1263.74648571662	284.509271505839
192.789543157910	394.107965587107	577.342087756594	1689.31199896279
55.1216042268785	59.9460656906983	-174.964644997299	1401.31571233569
853.739623789284	250.290397837356	1405.22030946744	1503.11724268606
809.573609018405	505.848125797975	-506.361316941254	901.799771854696
775.323813367284	85.8631763272229	444.463050025035	1430.63590665079
466.788725178800	821.195262186795	1660.53287233012	99.7968269391882
692.832390758919	461.859357420957	1857.95941673201	-316.589152752822
254.722140994043	647.978761988820	1398.60634601391	1482.89936062452
699.622979496727	202.441030374700	214.728412570727	1546.79662480279
876.661652483886	877.955785711063	2104.31067953311	1617.73034202434
633.801041187610	831.238364316819	-658.302719569440	180.564525120870
412.683986496099	105.415257126253	1864.05280350411	-8.74332792175287
461.506507228102	167.412671996864	-784.211881574731	933.133898308621
18.7588629302194	220.050989321965	1221.52611843827	-625.538574277482
59.2389600792713	977.580454082481	-808.321929894592	-232.630788431377
104.018535656091	733.824044730006	1487.36971635777	171.348147517674
682.020935652375	269.778835946156	271.309096639782	-1173.15131031457
768.217795620404	391.579960156504	-391.016259436352	-591.254772460696
194.579157847452	608.414164028777	1617.69543688194	1157.68796219494
51.8585355812464	591.046185099039	-1216.42192431436	1456.89507592270
564.725460022209	243.033624777284	-817.344805678256	930.590013640098
589.358827754122	293.499321123607	524.219095109063	1846.30555549429
929.906126886396	817.473018435417	2356.71508970499	162.691898654550
92.8725375270705	939.601570870628	-975.280734680199	-219.168441472689
235.795496980958	74.9559569487401	-1154.58696573609	845.795513703879
909.671393169569	258.389352632727	2030.36461912523	1386.47104225328
987.228480840430	44.4694694033131	-301.424658727108	1008.92158839495
655.874705368247	457.770949230726	2107.32080280645	-256.783475104428
427.350266050254	302.555464350821	-1021.64925106058	-437.712904979851
846.565110366612	390.000614809165	1952.10143832976	1595.91130088130
373.815582555507	300.981078390867	2017.55277898248	284.491043647821
262.721992147521	23.6280557269869	-1391.21608100350	10.6294800977870
121.531355577510	99.4224938785198	1270.83249159083	-1108.65307631209
995.101896439041	576.607932175588	39.5515069048143	-801.427314586060
322.309709249883	408.042891931953	-1271.28667292604	-127.254924265193
612.558653098063	230.857187048666	-417.097477770204	-1115.94130708435
315.325669788433	378.464377377252	-668.255209830614	1769.47778726044
600.347489685019	639.611907072730	133.944458993069	-1006.96143625794
524.940916008334	157.473686564192	487.904098590537	-1564.26187085197
446.012532887666	218.576114595934	-536.816145608801	1649.18318231869
120.000222684413	295.589444891353	82.2164698358160	-1449.56653779467
853.786135935396	682.899451092107	2345.04907978927	1602.54788087460
421.171522239111	815.174502142246	-706.902603053783	-542.760054735049
48.5921917394135	296.432905844135	1809.59480572548	113.665599498449
571.824577423983	161.134846851639	-1032.25448287471	-626.047551172370
102.292754513988	827.292665261805	434.329868653172	-941.332766254084
156.012550327315	470.614454319610	-1001.43907348624	-916.997272219379
525.512114466399	762.819908498685	811.973878036773	2559.48028658829
783.481705867156	884.011391163232	2330.50943037910	-88.8096485758168
747.453711275693	597.527696893861	1091.12485572850	-1202.68249905488
903.626768780858	802.870656685584	405.621675129243	-977.105094326408
221.999912276398	832.518630417268	-1502.61090072008	1512.59379740742
397.343285083205	803.971394045797	1680.55313027673	-556.071023598720
141.404590316290	675.882524222766	-1131.74541093391	-693.891613479825
229.183048705948	545.137586635439	739.178499040199	-1270.77011441297
367.695539820904	479.670466804328	-278.552645087106	-1305.04105915218
237.640044874846	312.756296365669	689.351176987984	2165.41450388497
578.138144548745	485.207143563307	1744.60627832394	2006.21776510130
531.002308993544	434.561751987576	-1307.30180047689	-149.422655949764
333.259140877755	565.635412517080	-1583.66369721071	338.893079354116
230.531077889758	258.297523875238	-189.055614321795	2156.69144720781
440.391055436214	108.889437878102	2288.52120835756	-542.323571107384
72.3492177085777	963.744543279132	-1769.45944232032	1636.94557157219
449.845371206279	69.2316148121516	2369.58288233704	-410.875348351646
621.012397419452	997.596274646107	1641.81798779788	2699.84305604934
184.530605567806	937.591016608656	2181.44623197792	1031.44831603615
959.813307395773	545.050079348568	257.069664900923	-1335.40651694907